2
1000 2
36982 62971
1 119 1
2 187 396
3 497 367
4 22 190
5 347 113
6 22 374
7 230 122
8 205 486
9 232 323
10 54 463
11 175 89
12 470 325
13 407 500
14 276 276
15 331 123
16 361 356
17 298 305
18 427 47
19 439 145
20 91 139
21 150 247
22 10 211
23 338 100
24 225 127
25 343 260
26 137 276
27 477 475
28 218 437
29 99 101
30 109 281
31 319 251
32 97 30
33 475 240
34 226 248
35 241 268
36 84 31
37 348 113
38 475 381
39 178 367
40 141 212
41 398 410
42 250 157
43 391 324
44 101 242
45 136 472
46 87 222
47 152 275
48 367 371
49 54 337
50 9 385
51 489 204
52 129 94
53 97 226
54 13 226
55 201 421
56 227 37
57 82 112
58 296 459
59 302 392
60 37 209
61 443 440
62 497 443
63 142 79
64 205 422
65 51 361
66 404 447
67 400 361
68 250 437
69 86 254
70 131 372
71 252 136
72 10 459
73 42 390
74 76 141
75 50 111
76 4 88
77 202 6
78 20 155
79 179 223
80 270 223
81 95 167
82 98 329
83 385 487
84 239 90
85 37 370
86 398 323
87 423 173
88 261 56
89 286 477
90 46 181
91 438 189
92 116 433
93 3 309
94 103 87
95 194 186
96 341 466
97 45 356
98 52 284
99 310 362
100 260 223
101 197 41
102 213 61
103 462 416
104 62 62
105 203 205
106 269 152
107 160 413
108 247 267
109 174 249
110 200 187
111 114 174
112 412 439
113 405 19
114 109 56
115 369 381
116 25 51
117 487 128
118 160 312
119 149 253
120 264 44
121 396 184
122 405 330
123 30 225
124 384 330
125 481 115
126 483 38
127 176 445
128 70 119
129 391 148
130 446 396
131 67 158
132 146 306
133 229 306
134 393 300
135 223 112
136 271 354
137 329 300
138 279 174
139 253 251
140 262 126
141 302 103
142 361 165
143 127 209
144 131 308
145 460 308
146 290 177
147 296 363
148 172 292
149 158 444
150 241 295
151 301 413
152 458 72
153 194 321
154 94 481
155 145 297
156 319 7
157 172 215
158 138 12
159 145 392
160 415 76
161 379 22
162 14 143
163 475 366
164 185 74
165 466 8
166 11 243
167 267 276
168 79 326
169 496 194
170 119 162
171 329 17
172 358 154
173 47 129
174 301 162
175 28 123
176 269 182
177 113 54
178 293 421
179 410 185
180 350 470
181 237 77
182 52 264
183 117 124
184 45 461
185 42 55
186 222 254
187 210 380
188 110 421
189 300 309
190 118 180
191 129 54
192 387 62
193 192 73
194 104 68
195 35 37
196 463 410
197 108 132
198 411 211
199 426 67
200 104 263
201 208 68
202 42 181
203 248 314
204 237 14
205 422 326
206 178 41
207 392 409
208 16 192
209 422 59
210 82 352
211 327 178
212 97 385
213 378 96
214 362 400
215 124 411
216 376 246
217 167 35
218 180 82
219 179 399
220 330 412
221 113 136
222 345 483
223 181 360
224 76 120
225 198 370
226 312 308
227 122 4
228 158 391
229 476 310
230 373 319
231 477 458
232 357 209
233 181 217
234 3 359
235 167 395
236 337 419
237 134 4
238 198 88
239 219 219
240 151 323
241 217 341
242 181 465
243 39 359
244 191 456
245 152 260
246 293 135
247 90 390
248 319 280
249 16 496
250 156 1
251 11 406
252 26 171
253 335 437
254 74 164
255 468 142
256 201 376
257 409 265
258 222 262
259 356 319
260 333 280
261 12 41
262 477 33
263 282 220
264 474 387
265 116 407
266 334 51
267 400 232
268 409 469
269 255 179
270 32 228
271 222 168
272 150 154
273 100 48
274 111 49
275 351 260
276 266 112
277 271 450
278 386 425
279 291 240
280 350 375
281 135 375
282 317 299
283 50 469
284 426 215
285 291 435
286 93 148
287 185 15
288 82 351
289 2 82
290 411 32
291 492 401
292 188 402
293 462 494
294 120 266
295 427 102
296 59 494
297 211 147
298 271 418
299 37 128
300 497 219
301 392 337
302 176 340
303 63 441
304 17 315
305 281 109
306 458 343
307 485 116
308 9 32
309 108 22
310 274 397
311 319 14
312 353 486
313 432 388
314 446 259
315 481 323
316 242 176
317 383 419
318 478 67
319 290 3
320 260 56
321 155 216
322 213 319
323 80 471
324 479 17
325 49 105
326 88 153
327 182 140
328 145 386
329 264 192
330 450 319
331 421 60
332 141 142
333 184 196
334 198 258
335 379 250
336 9 139
337 15 372
338 492 132
339 383 356
340 188 453
341 89 3
342 416 39
343 434 319
344 333 126
345 377 430
346 32 98
347 434 196
348 458 97
349 137 197
350 149 52
351 290 152
352 45 125
353 138 91
354 406 46
355 324 317
356 146 313
357 181 89
358 367 283
359 1 417
360 450 306
361 302 412
362 463 11
363 144 168
364 121 258
365 84 392
366 418 146
367 379 114
368 288 5
369 406 489
370 352 228
371 279 131
372 88 199
373 451 386
374 99 229
375 252 121
376 240 371
377 267 74
378 348 495
379 475 174
380 162 255
381 112 352
382 358 88
383 429 176
384 467 435
385 25 325
386 93 167
387 358 50
388 57 457
389 306 478
390 276 392
391 179 442
392 428 491
393 357 488
394 30 366
395 206 123
396 189 86
397 241 70
398 37 186
399 446 314
400 328 163
401 63 119
402 246 274
403 383 74
404 115 161
405 163 386
406 353 241
407 458 41
408 160 152
409 227 143
410 370 131
411 418 47
412 455 74
413 416 229
414 366 275
415 176 287
416 88 161
417 462 320
418 62 315
419 143 199
420 17 209
421 384 458
422 155 323
423 60 286
424 141 221
425 185 407
426 28 243
427 275 185
428 398 343
429 372 294
430 433 24
431 416 233
432 388 341
433 240 491
434 410 427
435 482 393
436 42 396
437 184 25
438 417 47
439 130 138
440 404 90
441 199 90
442 263 6
443 253 115
444 399 65
445 185 420
446 159 468
447 377 339
448 334 328
449 204 52
450 201 145
451 416 491
452 72 263
453 123 223
454 180 493
455 228 435
456 487 359
457 102 218
458 188 35
459 228 156
460 246 364
461 435 315
462 472 380
463 449 80
464 295 17
465 414 484
466 128 427
467 240 175
468 106 336
469 30 244
470 35 172
471 226 82
472 336 52
473 37 487
474 238 355
475 283 47
476 72 236
477 87 256
478 251 108
479 462 153
480 336 191
481 55 286
482 178 154
483 404 475
484 404 472
485 424 85
486 371 229
487 36 154
488 249 469
489 436 20
490 449 270
491 231 162
492 39 90
493 300 254
494 329 267
495 389 223
496 47 428
497 46 15
498 424 137
499 130 493
500 366 208
501 357 78
502 196 292
503 229 349
504 88 219
505 56 281
506 307 91
507 316 263
508 168 245
509 14 382
510 73 34
511 381 108
512 230 352
513 383 146
514 181 441
515 102 15
516 12 207
517 345 270
518 233 356
519 174 262
520 291 181
521 484 431
522 133 71
523 166 211
524 152 53
525 298 395
526 120 289
527 256 121
528 264 381
529 291 444
530 350 462
531 458 382
532 74 369
533 89 145
534 450 323
535 455 488
536 300 467
537 152 21
538 318 485
539 392 379
540 193 478
541 319 274
542 301 491
543 432 286
544 476 276
545 85 339
546 423 315
547 20 50
548 76 478
549 172 340
550 380 414
551 472 373
552 141 293
553 285 452
554 23 495
555 123 233
556 121 388
557 101 41
558 349 73
559 226 283
560 112 434
561 273 430
562 411 154
563 218 123
564 26 362
565 494 30
566 91 104
567 84 279
568 68 459
569 33 323
570 439 343
571 91 246
572 390 383
573 32 227
574 315 323
575 430 32
576 386 126
577 71 166
578 407 324
579 277 361
580 264 206
581 148 3
582 322 419
583 492 195
584 8 445
585 310 470
586 159 257
587 60 41
588 382 352
589 9 137
590 64 192
591 60 41
592 292 380
593 176 222
594 266 52
595 48 156
596 290 112
597 320 364
598 125 199
599 344 326
600 212 152
601 11 474
602 406 358
603 438 480
604 291 82
605 259 369
606 367 97
607 243 133
608 9 360
609 318 215
610 256 480
611 118 152
612 120 266
613 181 236
614 298 146
615 8 50
616 38 310
617 417 387
618 42 450
619 360 94
620 387 453
621 206 299
622 185 30
623 200 422
624 285 202
625 452 335
626 386 420
627 298 73
628 30 455
629 308 472
630 186 462
631 52 392
632 49 5
633 207 487
634 443 469
635 31 235
636 141 369
637 147 454
638 50 70
639 347 290
640 91 183
641 215 193
642 308 374
643 297 342
644 104 191
645 495 411
646 235 31
647 423 40
648 13 288
649 97 352
650 6 242
651 183 446
652 464 142
653 112 406
654 280 470
655 176 343
656 305 137
657 125 166
658 437 456
659 219 209
660 226 26
661 297 389
662 441 359
663 378 169
664 425 423
665 71 62
666 483 478
667 276 288
668 62 96
669 288 304
670 46 6
671 443 87
672 142 326
673 193 61
674 58 226
675 159 124
676 396 337
677 454 427
678 119 223
679 125 193
680 371 319
681 310 164
682 105 120
683 185 330
684 406 179
685 20 367
686 218 293
687 171 415
688 434 105
689 175 143
690 142 354
691 259 220
692 267 246
693 358 425
694 214 10
695 124 291
696 170 438
697 305 370
698 352 285
699 188 54
700 456 56
701 218 135
702 221 296
703 277 79
704 105 374
705 104 315
706 42 270
707 405 281
708 261 111
709 150 277
710 122 454
711 270 366
712 490 106
713 116 29
714 45 121
715 43 177
716 115 94
717 120 273
718 118 391
719 417 111
720 339 389
721 483 13
722 214 494
723 266 36
724 323 495
725 193 353
726 221 44
727 105 160
728 415 122
729 316 252
730 136 192
731 59 435
732 341 185
733 493 420
734 193 253
735 31 239
736 152 110
737 324 110
738 52 324
739 194 422
740 434 114
741 200 353
742 294 120
743 127 355
744 329 402
745 128 339
746 360 285
747 163 224
748 113 165
749 170 101
750 179 79
751 126 395
752 488 302
753 311 81
754 23 277
755 68 478
756 104 272
757 473 360
758 275 253
759 489 456
760 52 298
761 460 211
762 222 244
763 217 64
764 431 418
765 161 291
766 216 73
767 223 366
768 443 280
769 45 279
770 285 412
771 125 67
772 106 394
773 450 334
774 376 328
775 478 419
776 32 258
777 168 59
778 409 375
779 367 471
780 7 173
781 137 487
782 367 194
783 150 210
784 197 187
785 97 411
786 114 39
787 353 321
788 477 234
789 414 500
790 194 272
791 28 237
792 493 222
793 269 492
794 42 276
795 34 188
796 149 480
797 422 172
798 461 395
799 127 118
800 278 201
801 167 53
802 139 459
803 336 112
804 287 206
805 454 173
806 257 7
807 237 480
808 307 487
809 346 321
810 224 48
811 478 497
812 25 1
813 337 398
814 245 283
815 462 141
816 350 205
817 256 386
818 200 360
819 314 195
820 102 196
821 353 373
822 76 323
823 106 352
824 302 380
825 479 455
826 56 370
827 158 120
828 323 7
829 17 62
830 16 479
831 90 184
832 293 264
833 267 425
834 340 173
835 394 239
836 312 150
837 259 45
838 11 368
839 227 203
840 443 33
841 92 137
842 153 451
843 235 155
844 459 302
845 166 143
846 97 471
847 320 224
848 495 160
849 36 239
850 347 99
851 462 173
852 195 440
853 140 153
854 83 155
855 147 488
856 464 134
857 266 123
858 296 371
859 233 208
860 141 102
861 413 289
862 461 203
863 476 295
864 381 307
865 495 47
866 411 325
867 368 359
868 86 256
869 93 328
870 244 44
871 379 490
872 66 311
873 60 226
874 360 69
875 360 4
876 225 387
877 4 309
878 144 178
879 134 134
880 481 72
881 409 249
882 153 289
883 244 94
884 260 479
885 44 246
886 97 322
887 99 107
888 61 496
889 211 181
890 490 434
891 124 255
892 55 306
893 165 471
894 393 113
895 17 273
896 60 291
897 41 302
898 175 312
899 452 42
900 7 234
901 36 167
902 339 283
903 27 181
904 486 350
905 485 496
906 202 294
907 84 33
908 188 162
909 328 154
910 76 455
911 98 416
912 22 68
913 43 429
914 345 141
915 426 379
916 50 456
917 358 388
918 477 244
919 499 202
920 111 11
921 208 252
922 431 156
923 402 374
924 118 306
925 339 346
926 358 341
927 77 66
928 484 355
929 444 347
930 94 350
931 215 81
932 36 352
933 288 321
934 32 56
935 478 252
936 125 361
937 55 253
938 253 297
939 40 326
940 282 40
941 232 363
942 99 235
943 86 49
944 368 280
945 279 455
946 243 60
947 47 272
948 211 229
949 197 76
950 479 5
951 298 120
952 361 291
953 203 221
954 13 97
955 394 229
956 412 343
957 134 302
958 114 188
959 477 428
960 167 16
961 288 42
962 347 118
963 290 12
964 410 52
965 405 272
966 43 320
967 245 218
968 337 113
969 6 499
970 11 279
971 78 494
972 17 208
973 74 271
974 47 341
975 17 58
976 486 413
977 163 435
978 131 382
979 219 292
980 129 182
981 265 2
982 103 4
983 139 250
984 59 371
985 330 280
986 394 492
987 146 303
988 363 97
989 186 389
990 383 6
991 431 60
992 135 401
993 489 74
994 459 77
995 348 438
996 472 344
997 188 280
998 360 466
999 386 248
1000 421 306
